
910636600
916257864
916628251
918291113
918824994
919901396
923955275
927736516
928112572
931024325
931573341
931736525
934870683
936957382
937690309
938070281
947360847
954015437
956886114
959475356
961091458
961718170
965267769
968531383
975924076
977777543
977848997
979509339
980275507
984961106
986140855
986518360
987247949
990969874
998529992
1982138834
1985354072
1987154583
1988882571
1996592337
1997166218
2018778004
2030295218
2049237508
2051443707
2053196853
2061345903
2061407701
2061735650
2063659368
2065745675
2070299050
2072237579
2072544632
2076265650
2079637256
2080349110
2083588840
2084971832
2088908250
2088936736
2104669298
2109139251
2114686923
2126867409
2137502855
2156227322
2165448779
2167660179
2175151939
2177260063
2180153213
2185362016
2185620406
2185857518
2186159497
2186166423
2194583814
2205034271
2217931899
2219699188
2226392420
2226595601
2227042093
2228417586
2238567706
2251628833
2254450922
2259027235
2262203055
2270864898
2274121240
2287393561
2302468431
2304938146
2306011811
2306487507
2309363397
2313140758
2319200550
2322528601
2326634740
2326967221
2328405872
2328581841
2330606043
2331181284
2335278355
2335635479
2336523227
2339008598
2340944997
2340996467
2341187993
2342570138
2342851416
2343909507
2344368019
2348856839
2350469558
2351447624
2352138315
2353357742
2354295664
2356052690
2357016588
2358614811
2358812673
2359937181
2360435552
----------------------
 